audi_1 203 369 280 403
audi_2 129 431 243 513
audi_3 208 198 264 231
audi_4 220 145 260 161
audi_5 303 256 401 300
audi_6 215 205 257 223
audi_7 768 1177 1034 1351
audi_8 130 231 166 249
audi_9 140 269 199 293
audi_10 96 248 135 278
audi_11 155 218 193 246
audi_12 128 220 165 240
audi_13 380 589 463 635
audi_14 100 191 138 207
audi_15 145 195 185 212
audi_16 221 304 329 349
audi_17 305 148 339 162
audi_18 3522 1208 3766 1377
audi_19 542 163 572 178
audi_20 924 389 1028 434
audi_21 201 139 236 153
audi_22 1277 510 1437 575
audi_23 676 291 730 317
audi_24 815 262 880 297
audi_25 679 239 787 290
audi_26 765 340 837 382
audi_27 887 311 936 326
audi_28 447 239 494 259
audi_29 394 210 429 227
audi_30 1151 594 1232 644